5 3
2.7
13.139 24.775 3.132
0.801 13.896 8.997
3.483 2.905 16.178
2.772 17.029 15.074
3.258 0.178 3.143
2.865 3.217 13.422
5.979 2.936 9.009
0.413 7.573 11.558
2.185 2.455 16.659
7.781 5.889 4.576
14.069 2.441 3.030
14.913 3.370 6.305
1.558 2.306 2.642
9.242 9.825 6.015
21.265 10.412 21.279
10.718 12.049 3.446
13.207 2.759 11.082
17.809 13.396 3.656
4.606 0.442 23.286
7.029 8.109 8.032
5.762 10.784 13.864
6.443 2.830 1.249
1.972 11.663 13.874
18.753 2.728 14.960
7.520 3.829 10.168
5.367 3.573 4.253
0.088 0.025 13.650
9.765 4.304 12.587
2.314 2.611 0.405
4.881 5.404 2.887
9.252 22.632 4.979
1.231 9.263 1.623
4.313 6.349 4.076
10.090 1.669 8.199
7.146 7.150 14.932
9.901 10.413 17.453
11.207 6.867 5.234
17.072 3.417 13.044
11.811 3.915 5.869
8.226 3.466 9.698
15.282 2.759 4.938
4.174 4.458 0.735
6.890 11.531 2.668
3.444 10.612 11.140
13.291 9.715 10.221
9.823 6.407 1.905
1.377 7.489 4.439
0.218 9.268 13.318
5.679 10.248 8.067
9.832 2.763 8.444
15.941 2.834 0.474
2.297 17.298 8.254
17.255 3.804 11.697
0.302 6.957 1.425
4.238 10.159 4.448
5.006 1.630 6.017
2.533 11.481 3.213
5.952 3.372 6.528
7.763 6.480 7.001
1.091 9.221 6.697
3.958 5.756 11.840
0.064 7.515 3.701
22.571 15.826 7.754
5.024 8.053 19.782
27.873 12.462 7.249
4.130 12.284 11.740
5.887 0.969 0.874
2.307 10.286 6.053
10.396 4.782 6.237
1.931 23.976 8.114
4.923 10.329 1.150
3.680 8.348 1.725
7.082 7.385 2.211
1.095 4.166 21.146
14.610 2.608 4.172
1.144 3.496 1.645
22.535 5.179 4.984
9.113 0.964 4.777
18.332 8.106 4.646
5.938 18.183 7.047
8.237 7.603 6.168
15.665 6.616 1.114
12.318 13.333 12.554
3.038 3.961 12.699
2.093 5.116 2.260
22.114 5.261 0.809
6.813 10.217 5.416
0.104 9.452 0.275
11.390 3.375 2.809
9.874 6.592 4.919
3.210 0.866 7.440
1.384 11.089 0.801
1.863 23.703 16.633
2.506 2.982 9.523
8.929 5.196 6.045
13.550 4.095 3.583
21.488 1.984 9.477
9.266 15.632 5.214
4.061 6.941 15.051
6.498 10.774 2.182
2.132 0.559 9.872
1.185 0.816 3.847
15.856 8.990 14.307
2.177 12.772 0.848
1.640 13.226 7.541
4.835 14.435 4.400
2.607 1.295 4.893
4.535 7.788 4.454
16.320 0.896 15.621
3.989 7.124 2.124
5.367 6.267 5.041
12.543 25.324 2.006
4.670 14.435 6.524
7.227 4.108 1.089
1.141 22.089 11.166
18.726 2.941 11.506
0.018 5.867 14.540
4.433 3.345 10.453
6.256 23.445 8.009
13.188 6.353 1.585
9.093 8.222 12.247
1.547 14.018 4.339
7.913 4.142 7.537
1.814 8.505 5.604
0.922 27.822 15.146
2.847 10.656 0.323
1.674 6.695 1.468
18.010 6.386 7.610
1.622 13.117 2.847
15.552 4.880 9.821
4.471 14.147 6.028
9.742 2.004 2.447
0.362 9.366 21.537
8.935 0.440 13.973
0.633 14.588 11.823
9.335 9.335 14.625
5.970 10.915 1.021
0.687 4.426 1.146
2.215 1.968 14.052
0.913 3.899 11.574
26.418 1.606 0.497
10.546 2.203 11.826
6.102 8.012 11.744
6.472 6.528 3.399
4.966 27.708 7.843
10.512 20.202 6.053
6.746 1.593 8.723
14.919 5.027 3.630
8.960 1.251 15.044
14.893 5.501 3.941
18.293 4.165 10.737
5.827 8.360 12.617
9.546 6.081 19.073
3.033 9.554 3.076
6.355 11.623 6.109
18.148 14.479 1.530
0.036 2.382 12.434
22.810 1.123 3.685
14.781 0.451 5.421
3.284 6.648 4.921
8.087 13.350 2.149
4.733 20.665 2.365
12.855 14.853 1.127
9.108 10.715 5.663
5.453 8.414 3.428
4.117 7.724 3.390
6.677 3.212 1.762
8.878 25.509 6.060
4.726 6.868 6.543
8.101 6.473 0.674
1.673 0.591 1.184
11.768 8.493 11.033
8.411 18.894 0.455
25.074 23.003 1.050
6.240 9.225 16.993
11.543 7.877 2.138
1.812 0.865 10.542
9.843 5.516 2.338
12.934 9.398 5.383
0.616 19.677 1.793
18.513 0.336 7.997
10.333 4.575 1.552
1.041 3.754 2.350
21.788 2.986 5.126
3.725 16.758 5.562
1.587 10.622 9.768
15.729 20.224 3.030
24.452 5.329 6.111
0.414 2.705 10.472
4.051 6.683 5.602
6.558 11.441 0.958
11.567 0.740 5.192
7.123 14.422 10.666
6.041 10.807 9.227
6.949 2.374 7.401
3.121 2.238 4.802
4.299 3.969 11.271
10.824 6.628 0.130
23.618 5.354 5.450
9.042 12.999 11.393
3.928 10.473 12.655
9.945 4.983 4.256
17.715 4.476 0.003
4.599 1.570 10.204
13.446 1.621 18.060
6.825 23.723 4.850
6.375 9.838 1.940
6.099 6.500 6.407
5.445 9.188 2.711
18.425 15.592 9.436
18.795 8.071 7.891
13.806 8.000 2.144
7.218 1.028 4.874
8.318 7.168 0.938
27.647 15.045 12.299
12.881 1.136 1.855
19.210 0.121 11.902
8.159 6.009 3.696
9.635 3.682 6.783
0.390 1.992 4.776
3.073 15.363 12.663
1.284 7.249 10.349
8.107 12.703 8.970
8.497 6.978 13.992
1.428 8.210 1.254
15.600 4.745 14.288
6.898 3.756 3.903
0.076 11.029 4.000
18.825 4.513 7.694
5.896 18.425 1.262
10.442 11.310 2.975
9.766 8.879 16.952
8.767 5.287 4.230
16.183 15.883 6.761
0.954 1.509 2.949
20.169 8.113 3.302
7.122 9.745 2.901
6.021 2.686 4.269
8.532 13.625 2.262
8.855 6.316 4.923
3.592 12.106 9.216
4.811 7.741 0.529
11.024 10.275 11.446
3.290 1.657 2.114
7.197 11.796 0.329
4.900 1.840 7.142
0.411 4.222 8.505
4.630 4.519 13.106
10.468 11.638 6.265
4.495 17.535 17.750
11.222 0.477 0.708
1.447 13.165 18.595
7.412 8.281 8.812
16.957 1.275 17.878
13.308 1.217 1.984
1.503 2.806 11.881
8.002 13.318 0.835
4.533 4.922 15.816
4.611 8.072 8.241
8.228 10.415 2.512
6.735 4.833 9.789
5.746 0.680 7.801
2.959 8.402 17.416
14.171 4.683 7.196
17.624 3.602 10.550
14.112 9.627 9.122
2.218 7.261 10.624
3.012 12.435 15.320
13.208 10.380 8.626
7.054 11.841 4.849
12.620 13.850 8.735
3.143 7.248 2.988
2.475 0.123 2.359
13.230 2.811 0.264
4.743 14.412 0.442
21.319 5.259 8.352
7.397 10.879 4.058
15.436 4.176 5.059
11.937 10.258 5.938
12.956 2.493 23.321
4.095 15.627 0.576
8.544 21.910 2.264
16.188 17.290 9.877
10.509 8.878 6.015
2.862 5.984 5.865
17.161 1.502 11.281
12.979 0.309 7.184
7.236 17.526 13.815
12.574 1.887 5.309
5.053 7.750 6.894
14.259 1.407 2.007
1.024 13.151 8.551
19.302 2.384 3.110
3.362 3.815 4.518
9.120 6.598 6.022
15.925 10.495 10.845
10.702 10.583 0.676
0.279 3.447 0.050
5.992 11.741 11.438
3.068 15.314 1.191
4.635 7.877 6.591
12.476 11.349 4.787
0.336 0.343 12.269
0.582 0.566 14.882
0.203 2.566 4.644
5.125 25.088 6.456
5.371 9.857 25.995
9.040 0.818 3.446
4.509 1.273 4.763
3.254 21.812 2.011
14.695 3.522 1.740
15.528 3.442 7.047
19.028 5.876 2.101
4.976 3.658 10.977
0.196 14.364 16.136
24.496 1.534 15.289
3.928 7.815 14.926
22.747 10.318 11.842
3.902 3.556 4.401
3.647 0.878 1.244
0.644 7.048 11.660
16.084 4.739 5.799
9.064 0.017 11.280
1.974 3.931 8.897
10.197 16.407 4.038
12.222 5.680 13.345
2.783 2.497 7.403
20.216 9.310 7.512
14.505 0.517 9.552
0.135 2.166 16.987
3.106 11.138 4.025
8.480 0.749 7.857
12.529 19.317 16.019
7.289 3.830 1.636
2.244 0.294 10.723
7.033 8.502 2.267
11.153 1.518 5.408
0.932 24.689 3.386
2.929 19.690 7.031
0.233 5.365 14.661
15.532 0.809 17.694
13.723 0.478 4.263
4.418 2.627 8.269
9.049 12.462 12.400
8.583 5.971 6.595
10.586 4.453 6.918
2.254 3.233 4.244
8.885 4.327 6.251
17.181 4.208 5.065
12.183 4.595 10.128
8.010 3.337 6.668
7.160 11.267 3.842
13.209 3.224 23.621
12.242 8.175 9.492
0.814 7.551 4.225
14.232 19.546 22.347
8.086 1.652 24.525
11.516 2.820 5.069
1.996 0.975 13.869
6.966 7.628 6.795
12.900 17.165 16.678
10.317 11.929 1.985
14.624 3.452 4.809
5.003 6.611 2.513
0.878 2.551 12.914
5.332 12.010 4.937
2.713 0.585 4.276
1.082 4.699 11.805
4.921 8.288 2.041
4.082 7.595 3.491
1.886 12.354 1.132
23.240 2.947 1.294
17.968 3.930 1.703
10.958 4.428 4.725
11.783 5.012 19.552
2.539 0.418 5.168
3.610 13.961 14.041
5.154 13.172 0.520
1.354 9.227 15.027
13.471 8.280 3.067
13.778 6.731 3.083
2.919 3.207 9.619
8.320 8.792 1.965
11.847 9.372 21.171
1.709 12.900 11.967
0.768 1.556 10.160
3.297 2.532 2.498
2.840 7.916 4.848
4.420 0.850 23.001
12.523 5.014 6.664
10.399 8.173 3.346
17.881 9.689 11.512
6.461 5.293 7.685
9.003 3.859 1.455
2.993 7.890 5.526
15.200 9.683 0.404
10.836 13.077 11.570
0.645 11.912 1.913
9.810 5.863 12.634
11.162 0.500 5.236
3.749 8.840 7.732
0.551 11.601 2.785
8.110 3.140 4.100
3.635 14.319 3.328
11.227 8.021 14.062
6.450 4.519 22.196
5.077 4.700 8.445
7.998 9.799 26.518
11.897 5.289 9.605
3.967 10.469 2.116
9.842 14.823 10.324
16.633 6.069 10.134
10.105 5.107 2.962
12.471 33.222 0.896
23.370 3.688 7.423
2.173 7.636 10.961
2.824 5.305 14.476
14.385 5.516 6.905
3.502 5.078 6.685
17.970 7.269 7.877
1.231 7.219 10.915
2.968 7.131 21.411
8.739 14.029 2.834
5.287 15.662 4.143
0.688 0.955 5.392
1.139 3.665 6.700
12.350 1.918 5.817
15.407 3.720 1.926
1.233 1.188 12.099
11.198 5.154 2.597
14.620 4.642 3.938
13.322 1.367 2.422
21.635 1.637 0.863
1.763 0.966 5.863
6.400 2.040 9.813
22.640 0.416 15.552
0.270 1.269 17.209
17.353 3.269 4.781
4.669 17.831 0.002
4.117 3.264 3.527
13.044 13.077 2.374
8.437 9.457 1.486
6.467 1.506 3.574
0.544 3.446 21.959
20.158 6.322 3.475
17.539 12.763 6.298
10.432 8.343 17.743
3.891 5.090 3.153
12.249 7.005 11.896
4.121 6.527 8.966
4.246 7.716 9.888
6.747 16.410 1.739
2.113 4.219 4.494
16.509 6.281 6.604
7.255 12.938 19.912
2.596 3.911 4.206
15.713 2.019 1.804
3.270 13.697 6.924
2.542 12.955 21.878
15.783 9.490 18.768
8.268 6.329 0.330
8.450 4.321 7.919
2.318 2.846 16.222
7.682 6.114 8.170
3.560 14.013 15.356
15.068 2.402 15.435
5.269 12.728 5.215
0.587 2.954 7.614
21.518 19.744 7.887
0.444 3.528 1.486
3.642 6.275 17.256
6.249 13.205 5.119
20.949 16.049 11.001
6.212 4.746 3.787
6.053 3.364 2.425
6.382 7.550 0.169
3.067 0.946 6.633
18.489 7.547 6.120
9.073 0.846 14.702
1.587 0.301 12.681
1.647 8.406 10.284
18.607 2.909 1.166
0.024 6.838 1.627
8.525 12.719 5.454
30.791 6.603 9.594
11.123 13.449 1.174
3.437 5.697 6.096
25.045 10.234 14.870
1.709 0.007 0.548
6.286 5.343 10.977
3.087 13.302 13.723
9.491 15.263 8.288
1.801 0.705 5.987
1.632 5.243 0.323
13.087 2.811 7.180
0.527 4.682 12.767
7.618 7.316 13.571
1.855 17.303 13.044
31.453 10.961 15.304
2.700 8.067 5.106
15.135 6.714 1.895
4.837 1.517 7.423
2.009 5.932 13.947
9.151 6.114 19.232
9.911 0.912 7.273
14.810 0.670 3.977
0.290 9.677 0.447
11.316 10.383 15.258
1.273 2.044 2.141
8.480 11.938 7.073
1.291 9.074 14.035
4.475 10.400 1.823
1.050 4.062 5.593
10.293 5.078 11.615
9.800 7.138 0.744
5.017 0.911 2.127
3.632 16.257 14.923
5.670 2.003 5.199
3.088 9.509 0.707
3.465 18.421 22.163
2.029 20.607 5.210
8.356 1.170 8.201
15.119 3.302 11.175
9.626 0.158 1.905
12.446 1.396 10.627
2.474 12.497 17.822
12.918 12.164 9.709
7.886 1.844 2.858
5.981 5.288 16.527
36.011 13.978 10.507
19.941 1.471 16.152
1.649 2.628 31.186
9.034 1.462 2.509
4.140 11.724 7.261
12.340 7.688 1.692
1.162 11.295 5.768
2.363 2.917 3.349
4.403 7.135 7.379
5.343 3.805 1.418
5.491 11.668 0.504
4.570 1.293 11.321
12.546 0.971 1.181
5.758 12.044 6.484
5.709 2.674 0.734
9.382 12.720 1.866
4.061 24.075 0.488
5.284 7.724 12.150
4.769 1.915 13.655
14.932 8.758 5.764
16.837 10.990 12.027
5.202 8.391 7.074
4.207 18.779 1.074
6.017 4.808 10.068
3.194 15.537 4.053
4.786 2.385 8.538
5.153 0.177 15.509
10.517 2.943 12.360
11.679 0.197 4.093
13.633 7.220 9.586
5.078 5.310 8.811
7.589 1.483 6.816
25.578 1.761 7.655
10.968 2.815 6.341
14.208 1.624 14.469
14.825 2.615 4.351
13.049 5.114 0.012
11.060 4.417 18.237
4.599 7.740 9.833
7.085 13.379 1.976
16.501 8.900 4.713
11.715 2.454 10.421
3.029 5.606 0.824
8.894 12.568 7.731
1.856 7.802 15.289
9.518 15.359 7.179
8.954 17.278 2.530
5.960 2.774 13.006
3.793 4.450 0.136
1.409 8.366 7.116
4.743 1.858 2.132
2.562 7.373 7.852
11.977 14.487 2.205
19.827 18.570 11.186
9.463 18.844 22.039
9.744 15.654 18.747
21.328 15.119 3.322
5.260 14.470 23.611
13.650 12.710 0.764
2.455 4.539 0.411
9.639 1.940 6.796
8.318 12.026 28.314
2.953 10.070 5.679
3.493 5.644 7.267
8.882 5.137 8.880
6.071 8.521 10.275
9.934 1.470 0.722
23.160 1.285 3.852
5.342 2.751 15.782
4.716 0.487 4.314
8.025 4.253 0.945
8.391 9.042 6.731
10.950 6.676 8.734
4.783 30.846 12.540
2.095 5.623 23.347
0.776 21.074 0.296
1.898 2.513 5.342
3.129 8.745 19.831
12.604 1.310 1.382
3.627 15.949 5.213
7.001 9.951 10.311
8.618 9.480 1.855
9.683 24.480 2.079
4.668 6.822 8.538
7.465 8.522 12.811
2.489 11.142 10.186
2.574 18.817 2.216
2.096 23.712 2.845
13.116 17.750 10.258
24.796 20.099 16.232
5.903 7.663 2.921
7.276 12.460 4.936
3.859 10.017 0.138
12.340 0.446 7.248
2.034 11.667 3.985
8.042 7.258 6.294
7.519 7.455 1.623
0.207 15.318 30.365
13.874 3.963 6.195
15.523 1.461 1.645
0.835 5.275 3.254
5.476 9.153 0.966
11.281 13.256 5.028
0.223 6.837 11.382
17.885 4.153 10.432
17.875 18.354 4.493
8.081 0.686 1.477
1.750 9.986 5.076
5.473 8.928 9.072
11.119 19.289 0.059
3.155 4.583 6.783
1.096 11.025 0.305
9.263 5.224 5.376
10.586 12.459 4.096
16.267 7.655 0.040
10.591 1.498 2.841
0.874 26.308 9.647
1.996 1.964 9.026
1.785 12.133 3.685
3.236 6.960 0.146
1.245 4.922 9.920
5.360 4.356 6.481
4.294 12.418 11.561
14.244 0.744 9.949
10.430 3.614 14.416
17.266 4.466 12.880
13.961 9.601 6.113
6.087 8.076 2.658
8.369 7.869 3.069
18.786 7.346 1.200
7.222 2.390 9.255
5.049 1.041 3.763
13.381 9.353 9.727
21.599 1.572 0.565
4.304 1.764 2.989
4.287 11.737 21.617
9.908 4.569 8.571
16.214 7.510 4.751
1.054 10.344 9.486
5.000 7.966 0.308
2.630 2.681 1.056
5.272 13.410 10.244
8.912 13.587 12.814
10.338 0.399 7.535
3.332 2.744 20.302
17.686 18.654 15.921
16.000 1.787 4.826
7.475 9.674 2.854
0.341 7.410 5.692
6.706 6.366 0.040
4.362 12.984 3.001
16.558 2.327 6.903
0.034 1.338 1.857
6.317 9.016 11.372
8.072 10.763 0.430
0.144 8.731 1.469
17.474 21.120 1.650
11.908 3.751 16.752
4.486 2.715 3.685
17.256 8.140 0.878
11.242 2.107 3.164
14.759 0.316 8.833
8.139 4.296 4.474
24.993 10.180 2.281
12.308 8.380 3.833
0.179 13.361 13.716
5.382 24.755 5.661
23.236 8.894 3.056
5.223 5.602 6.623
2.989 6.583 0.284
1.695 6.668 7.797
11.832 28.280 3.132
2.020 14.777 5.016
3.554 2.376 2.295
6.852 7.653 1.215
3.658 0.954 6.966
0.421 9.378 20.878
5.228 9.149 7.370
7.279 18.105 4.516
10.491 3.875 19.182
12.430 4.722 0.318
6.687 2.718 2.520
4.513 5.892 19.171
13.365 1.650 0.863
9.313 1.045 7.186
7.851 9.905 4.961
6.635 12.867 0.048
0.224 1.209 16.664
5.909 9.500 17.796
13.745 0.391 22.937
21.094 7.932 9.597
11.869 7.289 9.354
0.033 2.838 5.485
19.841 13.096 8.593
9.538 1.197 10.007
4.521 23.422 8.423
0.905 2.496 0.566
17.378 0.353 1.511
6.194 5.260 10.944
13.225 8.936 3.950
10.037 22.679 6.959
12.008 14.349 12.641
5.358 11.753 3.450
1.999 2.338 6.078
14.667 13.621 2.057
4.123 6.305 11.251
0.140 11.123 6.532
9.918 3.522 4.568
15.524 7.755 8.890
17.414 3.183 7.552
9.335 1.960 4.194
2.505 9.368 5.666
2.606 0.913 5.611
17.600 19.752 2.059
2.879 5.178 1.049
9.467 5.340 3.029
16.422 11.692 1.912
1.251 10.262 6.558
0.295 3.489 1.151
10.413 14.799 1.148
11.174 5.115 8.844
1.118 8.555 20.998
8.002 1.302 13.466
4.402 8.875 9.563
5.006 19.816 14.302
2.387 5.194 9.212
11.045 12.944 10.439
20.372 5.537 4.952
5.385 4.781 20.709
2.027 11.703 1.195
7.735 3.481 8.850
0.462 21.869 7.737
0.446 8.566 7.601
19.838 17.064 3.568
14.922 3.603 3.386
14.608 10.153 7.793
12.186 0.407 11.440
3.329 21.701 0.813
1.809 2.065 2.166
2.239 12.121 6.488
11.802 10.171 2.306
2.178 3.277 5.910
1.471 15.534 6.134
2.424 4.107 5.304
2.605 8.333 6.934
10.206 1.716 3.128
7.685 16.083 8.671
5.476 9.504 12.687
13.063 1.171 4.448
4.313 34.323 3.545
11.815 9.417 15.202
13.459 6.902 14.504
10.063 15.124 14.075
15.255 7.096 3.831
3.486 8.625 12.118
12.066 14.270 9.971
7.221 6.123 10.685
7.022 4.990 12.017
12.224 7.522 0.311
12.098 2.310 11.066
22.460 1.034 4.898
4.840 12.677 1.656
4.453 7.261 6.263
1.403 17.681 2.138
3.830 8.842 8.363
9.541 0.912 11.831
2.505 5.676 1.930
5.457 11.554 12.147
1.030 10.367 5.249
1.103 6.513 4.938
4.466 9.912 0.655
3.610 5.793 10.875
11.546 2.690 4.802
3.944 2.455 3.930
7.334 2.772 15.961
2.911 0.053 0.205
10.784 4.867 10.887
14.813 1.585 11.394
16.484 4.665 1.342
11.524 1.104 19.406
0.849 7.502 4.552
9.039 6.642 4.280
5.434 6.999 16.802
1.809 15.650 7.742
10.713 0.129 1.672
1.586 3.143 13.104
18.307 0.160 3.662
10.721 7.713 0.409
1.767 14.758 3.440
15.926 3.483 3.792
1.733 14.256 1.227
9.923 11.445 14.510
9.203 1.501 12.150
10.481 0.795 3.740
11.687 8.027 6.746
7.056 2.279 0.575
12.098 1.118 2.271
3.823 3.105 9.045
5.232 17.285 0.147
13.452 2.470 9.430
1.106 4.781 8.540
12.655 4.438 2.631
4.638 4.041 5.726
8.628 9.343 9.420
19.016 0.048 4.163
4.631 4.712 7.717
7.051 13.190 4.919
7.432 2.323 4.724
7.412 7.798 11.440
13.152 11.721 14.709
5.524 1.404 6.271
2.131 2.764 1.965
4.468 10.061 8.196
0.906 4.793 9.090
3.193 7.512 2.892
2.008 19.536 10.326
18.827 0.475 11.865
11.906 19.889 2.550
6.227 5.011 2.288
7.830 0.104 10.006
17.798 0.808 11.560
6.322 7.026 19.150
4.455 7.084 0.411
12.803 5.294 1.231
17.566 14.941 6.163
14.777 12.555 2.863
6.684 1.806 11.372
2.164 0.918 13.033
7.644 10.297 3.591
20.537 0.917 7.838
3.073 11.611 16.819
10.966 2.472 5.947
1.162 9.757 0.826
26.543 6.826 9.185
5.181 0.727 2.063
5.805 4.091 11.030
4.748 4.006 2.610
10.917 8.475 9.618
2.551 9.302 2.372
1.526 7.380 8.899
14.837 0.189 2.535
10.945 14.620 5.957
9.007 18.926 8.306
2.575 11.724 8.290
4.503 6.497 5.838
4.217 7.646 13.516
16.443 11.254 2.382
9.524 1.151 6.617
16.082 3.582 1.557
23.671 0.259 14.366
8.221 7.381 12.228
13.565 17.611 0.463
10.779 0.199 16.453
1.924 7.589 3.009
11.568 0.016 15.848
7.941 5.074 5.269
7.076 13.772 5.262
5.000 6.838 2.475
12.795 2.376 8.175
13.551 7.859 13.404
4.288 11.956 1.012
5.812 16.859 9.823
1.830 15.923 3.358
7.246 17.349 6.323
18.588 13.246 9.190
10.317 12.524 0.522
1.046 8.865 17.421
8.094 0.424 20.077
10.515 4.751 0.958
5.825 6.706 3.258
4.860 0.209 1.493
7.471 10.056 0.698
5.190 11.645 1.597
4.199 11.640 2.823
6.411 2.236 7.141
2.302 15.593 0.681
16.702 0.815 16.217
4.529 0.329 6.873
12.289 16.138 16.817
9.998 7.803 3.113
11.868 1.652 8.712
14.610 8.279 9.910
3.186 0.599 22.688
7.439 9.139 24.468
2.424 2.254 11.600
15.384 5.245 0.051
7.186 5.966 3.062
6.596 8.838 1.655
1.150 6.646 12.964
5.718 19.703 6.333
10.731 5.547 4.524
0.330 5.520 0.804
11.712 1.535 4.515
7.462 9.962 2.527
4.345 1.240 7.659
4.426 0.012 20.466
23.723 4.319 6.338
3.199 4.882 25.573
15.718 2.438 7.868
5.801 2.464 18.802
12.618 2.182 21.085
8.788 2.717 21.512
6.504 9.384 16.981
11.145 13.017 4.944
0.403 3.571 5.940
14.194 9.244 15.856
5.446 2.268 12.762
4.404 9.602 13.813
5.343 0.189 3.430
5.974 22.023 12.185
1.785 9.994 14.293
17.044 8.517 0.742
5.396 4.452 4.985
6.397 5.268 16.659
4.650 18.107 5.302
3.070 3.000 3.403
10.741 4.074 5.247
13.940 14.153 6.936
5.718 13.153 16.477
9.198 4.177 0.565
21.179 8.559 15.130
9.833 15.779 7.802
18.485 5.746 1.173
5.291 12.102 2.674
18.498 5.720 14.619
11.367 8.039 3.059
6.919 14.733 8.719
0.220 4.162 12.186
3.569 1.430 18.642
12.162 16.025 4.827
13.876 7.728 18.361
2.196 4.086 7.766
8.583 7.942 1.014
15.290 17.479 9.623
14.508 19.436 0.705
14.418 5.070 4.208
0.251 1.950 3.828
0.821 11.722 8.744
3.809 7.374 8.549
0.201 22.928 10.182
9.273 8.157 12.809
12.267 1.311 5.173
4.456 11.993 4.549
6.437 8.743 10.462
5.522 4.283 3.515
4.387 2.812 3.141
9.160 0.395 4.085
21.482 6.663 10.919
0.134 1.343 1.376
3.515 13.311 8.871
0.677 2.505 9.100
0.485 2.190 5.751
1.725 4.507 5.381
0.215 11.517 9.197
11.201 5.582 9.925
3.826 7.566 0.805
7.235 8.372 11.571
14.969 10.615 4.173
16.861 0.322 11.562
13.033 7.017 14.766
1.990 8.531 8.443
7.218 4.181 9.616
4.820 14.190 6.387
14.752 10.678 0.986
11.836 1.790 5.119
20.753 3.724 10.505
7.109 8.673 7.249
1.378 6.577 7.142
26.037 19.282 14.753
7.829 6.450 12.996
8.008 3.851 6.181
8.840 2.874 18.778
3.440 0.497 7.233
1.112 28.197 1.066
2.601 8.051 2.541
3.532 11.119 8.971
10.378 5.297 7.617
4.881 15.577 6.276
26.583 13.418 9.364
3.253 0.123 15.153
2.458 11.627 1.901
0.853 3.897 4.123
7.058 8.017 10.039
22.904 7.571 3.537
2.294 1.660 9.540
2.895 1.650 8.606
10.906 2.688 7.543
14.310 0.251 9.191
13.353 2.803 8.020
6.783 7.682 5.546
7.774 3.735 9.502
12.955 5.431 16.399
4.974 0.157 6.036
7.076 13.225 3.617
0.921 7.907 6.594
21.086 8.610 9.587
7.982 12.417 6.757
23.525 12.524 2.128
5.693 3.138 9.694
9.186 6.191 2.023
3.143 5.655 19.121
7.629 8.777 11.289
10.227 14.889 1.612
0.610 2.636 14.517
0.493 7.706 8.171
16.723 18.258 16.127
0.899 13.231 16.523
6.084 7.198 2.504
7.139 8.364 12.281
2.623 1.627 8.086
17.350 4.169 4.345
5.691 9.121 11.870
6.757 20.052 4.246
8.729 8.751 1.188
14.377 13.994 5.409
5.472 5.169 1.661
20.154 1.188 9.886
10.339 1.059 0.669
7.268 13.319 1.355
12.815 3.518 16.991
4.690 7.383 19.719
3.463 4.071 13.888
4.801 13.788 18.637
13.833 14.173 18.156
7.823 2.622 7.235
2.896 16.139 1.920
0.509 3.935 6.402
6.584 0.442 12.515
7.723 8.916 0.997
10.268 4.246 0.704
0.631 10.513 4.400
13.261 16.935 5.309
5.493 21.447 1.635
2.222 3.356 1.214
6.243 19.862 1.963
2.507 0.704 13.654
19.533 3.338 9.069
11.550 1.482 1.548
14.812 2.295 7.439
16.701 7.015 16.168
1.919 13.771 22.762
12.641 30.235 13.775
14.121 8.278 3.503
11.510 7.121 2.907
3.447 1.356 3.819
0.233 3.981 10.438
1.588 5.618 1.805
6.369 1.149 0.179
8.661 6.921 3.239
20.256 6.344 5.004
2.312 19.472 4.107
9.438 3.697 9.681
5.114 3.946 5.122
10.751 2.119 9.370
0.080 3.627 15.320
16.212 5.016 10.379
9.308 1.908 11.476
3.010 4.098 7.266
9.683 6.532 0.165
11.369 1.701 14.165
19.427 2.063 1.059
0.046 27.336 7.683
4.505 6.677 17.299
0.199 2.964 8.522
7.027 6.338 0.351
3.661 10.730 4.700
0.079 1.367 7.588
5.023 10.780 5.209
1.084 12.102 0.136
8.558 10.594 1.144
10.679 0.839 24.629
10.289 14.815 7.768
6.748 1.148 3.346
7.891 0.203 5.747
5.525 19.482 11.073
3.319 1.396 5.990
12.443 11.472 13.696
5.254 0.905 22.422
13.467 0.256 18.865
3.946 10.658 16.192
5.131 13.368 7.408
18.692 3.532 19.926
9.372 1.552 13.901
18.044 12.049 12.071
2.098 25.405 1.913
3.171 10.738 4.257
0.240 10.142 23.667
11.453 11.939 6.759
11.966 12.454 5.361
7.659 7.499 6.391
1.432 10.871 5.946
14.502 0.930 9.973
20.375 5.938 5.730
0.202 8.719 13.074
4.234 4.373 11.779
8.807 11.617 10.286
5.763 8.055 4.956
3.101 8.355 0.475
5.055 5.121 0.575
6.890 14.793 0.897
4.850 4.400 4.558
1.775 1.145 25.891
5.712 16.295 3.126
14.051 21.653 3.943
5.152 0.808 1.988
16.648 10.087 28.355
8.768 6.152 7.927
2.162 8.203 10.426
8.053 9.641 12.386
16.927 8.916 5.357
9.109 20.420 13.095
7.830 4.343 3.917
8.149 13.645 14.065
16.928 13.210 3.724
14.956 12.787 2.065
3.053 12.441 14.310
3.000 10.144 1.184
11.886 8.919 2.206
6.225 15.466 5.268
2.461 18.839 7.171
11.256 0.026 7.691
14.601 9.438 1.745
1.633 1.224 12.953
10.226 0.555 10.193
8.068 3.180 1.278
0.824 2.916 6.481
13.923 6.993 6.984
11.909 3.410 2.694
8.573 1.568 16.540
2.842 23.576 4.408
7.859 10.964 8.267
1.905 18.629 6.953
6.595 0.167 4.961
4.308 12.703 4.355
11.296 8.980 1.181
1.008 2.595 2.059
0.062 9.674 9.744
0.061 2.874 7.598
2.346 3.381 1.050
3.117 12.801 10.926
10.723 1.719 3.918
1.926 9.100 1.947
7.268 5.479 6.596
9.318 0.023 0.309
10.139 15.088 11.017
1.535 0.793 8.374
11.285 2.322 4.693
1.071 6.036 16.263
59.317 3.981 2.599
17.208 5.981 11.660
0.849 7.241 3.054
3.116 17.018 4.589
2.166 16.125 5.811
4.006 11.345 2.499
11.074 9.655 9.444
13.215 18.748 2.836
1.234 10.796 8.995
10.763 12.973 2.056
4.605 6.561 10.155
12.243 3.137 15.933
4.430 20.208 16.222
9.589 5.393 18.147
3.013 2.571 18.635
22.568 6.677 5.557
6.067 1.445 13.304
13.039 3.723 4.372
2.371 12.878 11.394
11.065 9.890 7.664
5.339 10.692 10.100
2.184 0.642 4.401
13.731 23.212 0.163
3.027 13.288 8.473
2.622 19.891 13.231
12.117 11.114 3.732
12.455 8.178 1.625
8.023 8.578 1.138
21.583 11.856 2.862
3.306 6.972 5.690
5.249 2.609 2.296
24.330 3.130 4.408
2.515 6.532 6.755
3.399 5.510 3.068
6.707 12.901 1.936
3.449 5.743 5.470
6.301 4.628 10.689
16.191 5.118 7.505
12.062 18.824 13.019
7.936 12.364 5.775
1.708 5.197 8.773
10.372 1.722 15.839
5.279 1.410 11.138
0.778 1.524 9.685
1.932 5.136 1.165
13.999 7.615 16.368
4.587 3.713 3.265
14.851 0.047 7.031
11.039 17.592 3.641
5.611 7.075 9.352
5.127 24.969 3.274
7.608 6.067 5.638
10.452 9.871 4.131
15.576 0.169 9.238
6.435 3.573 0.759
3.600 7.015 6.955
21.285 0.316 11.072
1.647 28.036 5.698
16.430 26.359 4.421
17.182 4.594 4.892
0.420 1.884 2.904
11.369 4.639 2.459
30.431 8.108 8.861
1.384 7.094 14.946
6.915 4.678 3.122
4.416 2.263 16.641
16.425 32.491 1.371
11.521 24.012 11.405
5.816 3.009 13.155
2.704 8.470 4.003
4.129 3.910 0.388
9.962 2.067 7.098
14.287 5.017 1.510
7.124 9.149 1.300
3.184 12.167 8.404
9.835 2.297 22.203
2.022 1.272 17.091
4.741 1.519 10.857
6.872 0.097 15.580
11.792 3.236 17.367
17.516 4.750 5.119
0.132 3.899 5.241
8.452 17.337 2.903
4.144 1.490 7.091
4.642 3.034 3.571
1.652 10.236 20.779
4.524 9.684 10.830
12.310 11.725 0.414
6.230 11.736 15.160
16.272 19.563 13.480
19.329 11.646 14.120
10.035 10.764 2.918
5.929 8.327 5.149
25.425 5.094 24.521
17.102 15.004 5.769
4.557 11.828 7.172
10.263 19.725 2.019
3.723 5.515 0.297
7.884 1.860 9.101
1.460 18.725 6.407
8.417 8.090 6.002
1.876 6.394 9.866
4.996 14.804 0.934
8.562 18.079 13.779
2.377 6.649 12.213
20.010 14.858 8.336
8.263 4.316 8.553
13.290 4.468 3.981
10.305 0.001 15.664
0.949 4.492 0.190
1.424 4.263 6.766
19.665 0.351 1.047
4.715 0.190 11.074
3.569 4.988 0.136
15.300 7.664 12.293
18.226 7.008 1.675
7.859 4.295 0.182
12.248 11.777 6.259
1.771 8.067 7.244
5.738 7.848 12.958
3.949 6.203 18.008
0.500 10.493 5.433
11.864 2.085 0.313
0.362 6.369 6.023
21.328 4.365 15.842
8.796 5.658 5.183
4.380 0.421 6.070
7.743 1.368 20.869
2.488 20.638 22.699
13.896 4.595 2.454
4.663 2.406 5.745
6.794 0.380 24.707
11.137 7.260 9.507
6.234 3.465 15.726
7.497 3.455 10.700
11.127 7.102 6.389
8.837 2.192 4.165
21.992 1.630 19.410
12.306 6.647 20.647
9.141 5.649 9.184
8.801 9.838 11.527
13.254 2.455 12.256
2.688 0.703 4.051
0.074 1.856 13.055
6.424 7.932 1.776
0.288 8.100 20.322
15.013 9.511 1.695
11.552 6.457 2.765
2.944 10.577 12.637
2.137 9.295 0.363
11.260 11.900 6.352
20.911 19.158 4.732
17.272 7.663 2.425
8.372 8.848 0.655
17.179 1.090 1.182
10.376 9.653 5.540
0.202 9.262 6.161
0.703 6.631 3.380
3.630 21.070 5.849
2.377 7.927 8.021
2.525 7.651 2.878
25.378 2.076 8.312
7.913 10.608 8.555
15.748 2.605 0.194
3.884 10.573 5.583
4.000 7.829 3.169
9.543 17.040 13.796
12.257 0.206 5.258
0.280 0.754 2.393
12.818 0.741 4.862
6.328 7.818 6.446
7.266 3.790 6.238
6.600 2.640 12.834
2.028 16.257 5.715
8.218 2.611 7.698
4.619 0.527 11.505
0.163 11.825 20.852
13.219 3.001 17.764
14.634 9.382 10.123
5.871 4.865 6.030
10.573 9.364 22.955
16.093 6.958 3.546
14.088 10.262 10.749
13.898 11.830 1.979
13.816 1.356 4.211
1.934 2.276 0.935
16.836 5.561 1.410
0.910 6.968 1.026
5.292 1.775 9.700
0.264 12.127 1.003
1.292 3.847 8.735
9.007 2.623 6.268
1.081 7.077 3.579
8.176 21.511 6.943
9.875 7.251 11.043
2.014 15.232 6.102
2.898 0.334 2.009
11.580 23.572 5.750
3.030 7.746 6.043
5.927 6.139 8.416
3.029 1.173 8.656
1.655 7.952 3.754
17.817 4.384 19.292
12.420 2.742 11.152
8.246 2.973 6.596
10.067 15.989 10.547
14.540 9.194 2.466
11.093 12.720 10.201
27.026 5.195 18.993
12.524 5.956 4.229
5.695 3.033 25.553
2.232 7.243 10.030
3.988 3.198 2.250
12.134 0.254 6.131
25.779 23.934 2.738
7.803 13.202 7.805
11.251 2.509 1.650
1.487 16.824 5.521
3.389 5.375 1.508
8.009 11.113 5.434
8.414 0.324 10.186
7.453 5.613 6.526
13.757 4.722 6.527
7.854 10.904 4.779
3.807 15.424 2.674
3.453 10.466 0.996
5.429 7.042 16.610
3.535 17.373 6.513
1.180 4.226 16.031
0.629 7.709 1.618
5.314 9.078 15.793
3.663 17.176 13.213
7.007 1.288 0.000
14.803 12.013 12.806
16.795 6.538 15.185
23.862 5.803 13.025
6.187 7.471 8.273
24.693 23.522 3.565
15.264 3.912 15.455
3.495 2.879 8.644
19.972 9.133 4.741
12.788 9.946 2.063
11.161 8.295 21.716
11.277 1.952 3.059
0.486 5.526 3.781
1.648 1.806 11.441
9.851 4.763 1.885
10.262 0.045 10.680
1.218 9.686 1.694
7.003 5.333 8.660
2.855 2.416 0.965
4.754 15.089 9.330
1.395 17.510 9.584
17.357 5.679 11.286
1.848 5.350 2.585
9.489 2.662 5.537
3.947 3.901 10.328
0.863 0.872 18.630
1.954 5.553 7.135
2.983 8.334 0.980
